5000	400	5734.4566348461485
5000	800.	5482.077741581563
5000	950.	5407.428128328421
5000	1100.	5404.665530848408
5000	1250.	5367.01364493028
5000	1400.	5479.333336051366
5000	1550.	5583.330091435225
5000	1700.	5766.846816327281
5000	2200.	5798.550179462267
5600.	400	5430.502763448169
5600.	800.	5558.933500883122
5600.	950.	5540.6941201053705
5600.	1100.	5535.402600095604
5600.	1250.	5511.767483546436
5600.	1400.	5468.777361287213
5600.	1550.	5474.640767732642
5600.	1700.	5510.279046454394
5600.	2200.	5601.794095490437
5750.	400	5482.47442312091
5750.	800.	5393.432569483686
5750.	950.	5576.118866199519
5750.	1100.	5571.7101835720005
5750.	1250.	5551.188714551505
5750.	1400.	5495.306215318823
5750.	1550.	5462.396292581953
5750.	1700.	5463.4547722775305
5750.	2200.	5589.412878358173
5900.	400	5725.932595802902
5900.	800.	5443.359043928617
5900.	950.	5615.878117614375
5900.	1100.	5613.337249039764
5900.	1250.	5581.580315938126
5900.	1400.	5531.686912778996
5900.	1550.	5494.381755335102
5900.	1700.	5450.275490144715
5900.	2200.	5564.93980564746
6050.	400	5575.1889787947775
6050.	800.	5459.994169194103
6050.	950.	5637.685463287517
6050.	1100.	5695.231992459845
6050.	1250.	5624.651656207941
6050.	1400.	5575.532518561508
6050.	1550.	5518.6483415930725
6050.	1700.	5443.232302574984
6050.	2200.	5511.353004353329
6200.	400	5460.3655164765
6200.	800.	5460.142462408066
6200.	950.	5460.154962687545
6200.	1100.	5842.359675445567
6200.	1250.	5681.578769829472
6200.	1400.	5591.12875316787
6200.	1550.	5529.0979444580735
6200.	1700.	5460.564667024386
6200.	2200.	5523.797052233007
6350.	400	5453.7918818535045
6350.	800.	5470.088513868729
6350.	950.	5519.984610600442
6350.	1100.	5790.296408663023
6350.	1250.	5784.724004082899
6350.	1400.	5573.198097054463
6350.	1550.	5504.069855115958
6350.	1700.	5456.425303627946
6350.	2200.	5494.140407710939
6500.	400	5489.418868651922
6500.	800.	5490.4165186514
6500.	950.	5501.034711758916
6500.	1100.	5649.407291216878
6500.	1250.	5934.628660708635
6500.	1400.	5585.381823084557
6500.	1550.	5511.212676953728
6500.	1700.	5452.787923243432
6500.	2200.	5458.09867635157
6650.	400	5590.193469697823
6650.	800.	5492.195524660851
6650.	950.	5413.939919261142
6650.	1100.	5444.101431715852
6650.	1250.	5556.232687932831
6650.	1400.	5640.253887235302
6650.	1550.	5507.00507559322
6650.	1700.	5472.842042917033
6650.	2200.	5438.272242731219
6800.	400	5699.436995250645
6800.	800.	5467.253325836957
6800.	950.	5352.829924374473
6800.	1100.	5388.269745625982
6800.	1250.	5188.35044772921
6800.	1400.	5598.7996154908615
6800.	1550.	5534.252334494861
6800.	1700.	5505.760637516892
6800.	2200.	5434.471352464043
6950.	400	5602.910282106675
6950.	800.	5473.280125200196
6950.	950.	5371.914798468679
6950.	1100.	5311.610671394034
6950.	1250.	4966.386731586754
6950.	1400.	5585.0798286513655
6950.	1550.	5519.851129606439
6950.	1700.	5513.744263479507
6950.	2200.	5429.275230477745
7100.	400	5430.111409059532
7100.	800.	5485.897829179547
7100.	950.	5385.370558868952
7100.	1100.	5236.869032941471
7100.	1250.	5201.713330590383
7100.	1400.	5559.245002210808
7100.	1550.	5458.133387935302
7100.	1700.	5478.936831261859
7100.	2200.	5424.295582115353
7250.	400	5422.41588410258
7250.	800.	5499.306102749032
7250.	950.	5393.819564196728
7250.	1100.	5349.742701121142
7250.	1250.	5210.029979186656
7250.	1400.	5480.0419984928485
7250.	1550.	5436.072426714766
7250.	1700.	5438.9641701904175
7250.	2200.	5433.933142973328
7400.	400	5395.287319918481
7400.	800.	5478.949897133231
7400.	950.	5453.1785631712855
7400.	1100.	5584.344873864696
7400.	1250.	5341.228461593717
7400.	1400.	5457.5755443449125
7400.	1550.	5450.127615331697
7400.	1700.	5417.010804189358
7400.	2200.	5451.023973769939
7550.	400	5354.352910978694
7550.	800.	5426.929215668666
7550.	950.	5440.5668989887
7550.	1100.	5572.242237593428
7550.	1250.	5485.026561606425
7550.	1400.	5473.095933695693
7550.	1550.	5503.177757332507
7550.	1700.	5417.270943478956
7550.	2200.	5444.884129933149
7700.	400	5366.874489066091
7700.	800.	5409.90915886191
7700.	950.	5403.894234309928
7700.	1100.	5581.1410832886895
7700.	1250.	5544.944330075995
7700.	1400.	5462.036083871306
7700.	1550.	5440.462177335591
7700.	1700.	5443.444836332776
7700.	2200.	5422.826856695966
7850.	400	5261.9308692731
7850.	800.	5394.883243832899
7850.	950.	5416.497100818329
7850.	1100.	5578.459191389185
7850.	1250.	5539.347706811638
7850.	1400.	5509.0818308129155
7850.	1550.	5457.6563571858005
7850.	1700.	5467.47711765235
7850.	2200.	5407.297619614021
8000.	400	5264.87113746329
8000.	800.	5578.437785691344
8000.	950.	5608.408466228857
8000.	1100.	5593.261582557893
8000.	1250.	5545.965412373476
8000.	1400.	5504.66719325854
8000.	1550.	5473.77784396578
8000.	1700.	5457.555938663416
8000.	2200.	5397.332108590353
8150.	400	5009.081388148988
8150.	800.	5567.096856374123
8150.	950.	5596.5336012290545
8150.	1100.	5566.088131588661
8150.	1250.	5534.623092598169
8150.	1400.	5512.109787009342
8150.	1550.	5490.921688102133
8150.	1700.	5427.469736322813
8150.	2200.	5392.231889623602
8300.	400	5289.991678110543
8300.	800.	5580.033441828833
8300.	950.	5603.972117250694
8300.	1100.	5576.487102161716
8300.	1250.	5555.216646222443
8300.	1400.	5534.282398238913
8300.	1550.	5488.025519040053
8300.	1700.	5442.23882775703
8300.	2200.	5398.628192849114
8900.	400	4221.105815193771
8900.	800.	5111.569653743481
8900.	950.	5220.49661583062
8900.	1100.	5538.152302583602
8900.	1250.	5604.5578563025165
8900.	1400.	5536.157743736897
8900.	1550.	5500.3787316710095
8900.	1700.	5409.286218379405
8900.	2200.	5557.271483115203